0.0000000000
0.0000000000
0.0000000000
0.0000000000
0.0000000000
0.0000000000
0.0000000000
0.0000000000
0.0000000000
0.0000000000
0.0000000000
0.0000000000
0.0000000000
0.0000000000
5.5184017295
0.0000000000
0.0000000000
11.9765353949
0.0000000000
0.0000000000
0.0000000000
0.0000000000
0.0000000000
0.5570284539
0.0000000000
0.0664559172
0.0000000000
0.0000000000
0.0000000000
0.0000000000
0.0000000000
0.0000000000
0.0000000000
0.0000000000
0.0000000000
0.0000000000
0.0000000000
0.0000000000
0.0000000000
0.0000000000
0.6808485268
0.0000000000
0.0000000000
6.9767245232
0.0000000000
0.0000000000
0.0000000000
0.0000000000
0.0000000000
0.0000000000
0.0000000000
0.0000000000
0.0000000000
7.9013437585
0.0000000000
0.0000000000
17.4878517746
0.0000000000
0.0000000000
0.0000000000
0.0000000000
0.0000000000
1.0055655288
0.0000000000
3.8923240907
0.0000000000
0.0000000000
0.0000000000
0.0000000000
10.0338032542
0.0000000000
0.0000000000
0.0000000000
0.0000000000
483.4483668293
0.0000000000
0.0000000000
0.0000000000
0.0000000000
0.0000000000
0.0000000000
0.0000000000
10.7281206112
0.0000000000
0.0000000000
0.0000000000
0.0000000000
0.0000000000
0.0000000000
0.0000000000
0.0000000000
109.4432649067
0.0000000000
31.8753801022
0.0000000000
0.0000000000
0.0000000000
0.0000000000
0.0000000000
0.0000000000
0.6075500208
0.0000000000
0.0000000000
0.0000000000
0.0000000000
0.3038513640
0.0000000000
0.0000000000
5.1950960267
0.0000000000
0.0000000000
0.0000000000
0.0000000000
0.0000000000
0.0000000000
0.0000000000
0.0000000000
2.4490060438
0.5716384101
0.0000000000
22.0447588384
36.8994405754
0.0000000000
0.0000000000
0.0000000000
0.0000000000
0.0000000000
0.0000000000
0.0000000000
0.0597352886
23.9181465497
20.1430790262
1.8721810331
116.4610403364
0.0000000000
0.0000000000
153.8515182409
0.0000000000
0.0000000000
0.0000000000
0.1634755027
0.0000000000
0.0000000000
12.8371881627
5.6454725963
2.4126482900
17.3653275481
23.9178928431
7.2115384615
0.0000000000
0.0000000000
0.0000000000
0.0000000000
0.0000000000
0.0000000000
0.0000000000
