0.0000000000
0.0000000000
0.0000000000
0.0000000000
49.5138345289
0.0000000000
0.0000000000
0.0000000000
0.0000000000
0.0000000000
0.0000000000
0.0000000000
0.1214337445
0.0000000000
0.0000000000
0.0000000000
0.0000000000
3.9921784650
0.0000000000
0.0000000000
0.0000000000
0.0000000000
0.0000000000
0.2785142269
0.0000000000
1.9936775155
0.0000000000
0.0000000000
0.0000000000
0.0000000000
164.2455469886
0.0000000000
0.0000000000
0.0000000000
0.0000000000
0.0000000000
0.0000000000
0.0000000000
0.0000000000
0.0000000000
0.0000000000
0.0000000000
0.0000000000
0.0000000000
0.0000000000
0.0000000000
0.0000000000
0.0000000000
0.0000000000
0.0000000000
0.0000000000
0.1621060911
0.0000000000
0.0000000000
0.0000000000
0.0000000000
218.5981471827
0.0000000000
0.0000000000
0.0000000000
0.0000000000
0.0000000000
0.0000000000
0.0000000000
19.4616204537
0.0000000000
0.0000000000
0.0000000000
0.0000000000
0.0000000000
0.0000000000
0.0000000000
0.0000000000
0.0000000000
0.0000000000
0.0000000000
0.0000000000
0.0000000000
0.0000000000
0.0000000000
0.0000000000
0.0000000000
0.0000000000
0.0000000000
0.0000000000
0.0000000000
0.0000000000
0.0000000000
0.0000000000
0.0000000000
0.0000000000
0.0000000000
0.0000000000
0.0000000000
0.0000000000
0.0000000000
0.0000000000
0.0000000000
0.0000000000
0.0000000000
0.0000000000
0.0000000000
0.0000000000
28.8058375887
0.0000000000
0.0000000000
0.0000000000
0.0000000000
0.0000000000
0.0000000000
0.0000000000
0.0000000000
0.0000000000
0.0000000000
0.0000000000
0.0000000000
0.0000000000
0.0000000000
0.0000000000
0.0000000000
0.0000000000
0.0000000000
0.0000000000
0.0000000000
0.0000000000
0.0000000000
21584.9171292144
0.0000000000
0.0000000000
0.0000884967
0.0000000000
44.7623978361
0.0000000000
0.0000000000
2261.9316687008
0.0000000000
0.0000000000
515.5280036239
0.0000000000
25533.0864746794
29.4255904940
30.8789303470
30.8559071537
0.0000000000
0.0000000000
0.0000000000
0.0000000000
0.0000000000
0.0000000000
0.0000000000
0.0000000000
0.0000000000
9676.3636170546
0.0000000000
0.0000000000
0.0000000000
