0.0000000000
0.3054918030
0.0000000000
0.0120060829
0.0000000000
0.0000000000
0.0000000000
0.0025082274
0.0158347215
1.0232620956
0.0232095092
0.0157660229
0.0112574353
2.6230901445
5.0412606075
0.0223917844
0.0098804550
0.0000000000
0.0038950338
0.0156205026
4.1215632793
0.0165163863
0.0000000000
0.6505034669
1.0661232328
0.2024220909
0.0000000000
0.0224667817
0.0214887709
8.6744486523
0.0212844299
0.0139801711
0.0000000000
0.0000000000
0.0167307326
1.0988427328
0.0000000000
0.0000000000
0.0147283435
0.0056672813
0.3216560111
0.0000000000
0.0000000000
0.0013174343
0.0009618480
0.0235250311
0.0000000000
0.0233925065
51.1749644772
0.0240114888
0.0000000000
0.0000002541
56.0466844974
13.7089560010
0.9639517783
11.6058052403
21.6136075666
0.0066979598
0.0000000000
1.8412885819
0.0000000000
0.0000000000
1.1198246434
0.0233930872
0.0010262427
1.7751266787
1.3741364948
0.0000000000
51.6748592180
1.9402960207
0.0000000000
0.0000000000
0.0000000000
0.0105201745
276.1886791157
0.0000000000
0.0000000000
0.0230782705
0.5138116129
2.9679983985
0.0168215442
0.0000000000
9.4726552791
0.0227755446
0.0251548240
0.0231763042
0.0250751373
256.0304873419
0.0251168295
0.0000000000
0.0075593685
17.1521567314
13.6143902459
15.2230380318
281.6839646804
67.7830673948
0.0224871201
0.0005901792
19.7594335859
0.0000000000
0.0000000000
2.4182112031
2.1322464656
0.0007368699
1.4831017806
0.0000000000
0.0000000000
38.8427093881
8.5955250320
2.7105025533
0.0000000000
0.0000000000
0.0000000000
0.0223146216
0.0000000000
0.0098977948
0.0000317606
4.1642190683
13.5967841625
0.0000000000
0.0075158970
14.7858065617
0.0102946185
0.0047139742
0.0057291302
0.0000000000
1.0257943538
0.0146241140
0.3198369698
0.0000000000
0.0582460099
0.0195498754
0.0114503725
869.4011573597
0.0001269371
0.3471799558
415.8779165902
82.2604764730
28.2928124905
0.2216564412
8.4103544255
0.0109363789
0.0151401628
8.2615006567
0.0069805260
0.0507613523
374.9053338534
69.6581630071
0.0150326812
0.0201076132
0.0246660472
0.0083943755
1.1493739991
0.0154112867
0.1279347879
0.0124929133
